105 105 105 105 105 105 105 105 105 105 105 105 105 105 105 105 105 105 105 105 105 105 105 105 105 105 105 105 105 105 105 105 105 105 105 105 105 105 105 105 
105 105 105 105 105 105 105 105 105 105 105 105 105 105 105 105 105 105 105 105 105 105 105 105 105 105 105 105 105 105 105 105 105 105 105 105 105 105 105 105 
105 105 105 105 105 105 105 105 105 105 105 105 105 105 105 105 105 105 105 105 105 105 105 105 105 105 105 105 105 105 105 105 105 105 105 105 105 105 105 105 
105 105 105 105 105 105 105 105 105 105 105 101 105 105 105 105 105 105 105 105 105 105 105 101 105 105 105 105 105 105 105 105 105 105 105 105 108 105 105 105 
105 105 105 105 106 105 105 105 105 105 105 105 105 105 105 105 105 105 105 105 105 105 105 105 105 105 105 105 105 105 105 105 105 105 104 105 105 105 105 105 
105 105 105 105 105 105 105 105 105 105 105 105 105 105 105 105 105 105 105 105 105 105 105 105 105 105 105 105 105 105 105 105 105 105 105 105 105 105 105 105 
105 105 105 105 105 105 105 105 105 105 105 105 105 105 105 105 105 105 105 105 105 105 105 105 105 105 105 105 104 105 105 105 105 105 105 105 105 105 105 105 
105 105 105 105 105 105 105 105 105 105 105 105 105 105 105 105 105 105 105 105 105 105 105 105 105 105 105 105 105 105 105 105 105 105 105 105 105 105 105 105 
105 105 105 105 105 105 105 105 105 105 105 105 105 105 105 105 105 105 105 105 105 105 105 105 105 105 105 105 105 105 105 105 105 105 105 105 105 105 105 105 
105 105 105 105 105 105 105 105 105 105 105 105 105 105 105 105 105 105 105 105 105 105 105 105 105 105 105 105 105 105 105 105 105 105 105 105 105 105 105 105 
105 105 105 105 105 105 105 105 105 105 105 105 105 105 105 105 105 105 105 105 105 105 105 101 105 105 105 105 105 105 105 105 105 108 105 105 105 105 105 105 
105 105 105 105 105 105 105 105 105 105 105 105 105 105 105 105 105 105 105 105 105 105 105 105 105 105 105 105 105 105 105 105 105 105 105 105 105 105 105 105 
105 105 105 105 105 105 105 105 104 105 105 105 105 105 105 105 105 105 105 105 105 105 105 105 105 105 105 105 105 105 105 105 114 114 114 105 105 105 105 105 
105 105 105 105 105 105 105 105 105 105 105 105 105 105 105 105 105 105 105 105 105 105 105 105 105 105 105 105 105 105 105 105 105 105 105 105 105 105 105 105 
105 105 105 105 105 105 105 105 105 105 105 105 104 105 105 105 105 105 105 105 105 105 105 105 105 105 105 105 105 105 105 105 105 105 105 105 105 105 105 105 
105 105 105 105 105 101 105 105 105 105 105 105 105 105 105 105 105 105 105 105 105 105 105 105 101 105 105 105 105 105 105 105 114 108 114 105 105 105 105 105 
105 105 105 105 105 105 105 105 105 105 105 105 105 105 105 105 105 105 105 105 105 105 105 105 105 105 105 105 105 105 105 105 105 105 105 105 105 105 105 105 
105 105 105 105 105 105 105 105 105 105 105 105 105 105 105 105 105 105 105 105 105 105 105 105 105 105 105 105 105 105 105 105 105 105 105 105 105 105 105 105 
105 105 105 105 105 105 105 105 105 105 105 105 105 105 105 105 105 105 105 105 105 105 105 105 105 105 105 105 105 105 105 105 105 105 105 105 105 105 105 105 
105 105 105 105 105 105 105 105 105 105 105 105 105 105 105 105 105 105 105 105 105 105 105 105 105 105 105 105 105 105 105 105 105 105 105 105 105 105 105 105 
105 105 105 105 105 105 105 105 105 105 105 105 105 105 105 105 105 105 105 105 105 105 105 105 105 105 105 105 105 105 105 105 105 105 105 105 105 105 105 105 
105 105 105 105 105 105 105 105 105 105 105 105 105 105 105 105 105 105 105 105 105 105 105 105 105 105 105 105 105 105 105 105 105 105 105 105 105 105 105 105 
105 105 105 105 105 105 105 105 105 105 105 105 105 105 105 105 105 105 105 105 105 105 105 105 105 105 105 105 105 105 105 105 105 105 105 105 105 105 105 105 
105 105 105 105 105 105 105 105 105 105 105 105 105 105 105 105 105 105 105 105 105 105 105 105 105 105 105 105 105 105 105 105 105 105 105 105 105 105 105 105 
105 105 105 105 105 105 105 105 105 105 105 105 105 105 105 105 105 105 105 105 105 105 105 105 105 105 105 105 105 105 105 105 112 107 112 105 105 105 105 105 
105 105 105 105 105 105 105 105 104 105 105 105 105 105 105 105 105 105 105 105 105 105 105 109 109 109 109 105 105 105 105 105 105 105 105 105 105 105 105 105 
105 105 105 105 105 105 105 105 105 105 105 109 105 109 105 109 109 105 105 109 109 105 105 109 105 109 109 105 105 109 105 105 105 105 105 105 105 105 105 105 
105 105 105 105 105 105 105 105 105 105 109 105 105 109 105 109 105 105 109 109 109 105 105 109 105 109 105 105 105 109 105 105 105 105 105 105 105 105 105 105 
105 105 105 105 105 105 105 105 105 105 109 105 105 109 105 109 105 105 105 105 105 105 105 109 109 109 105 105 105 109 105 105 105 105 105 105 104 105 105 105 
105 105 105 105 105 105 105 105 105 105 109 105 105 105 109 109 109 109 105 105 105 105 109 109 105 105 109 105 105 109 105 105 105 105 105 105 105 105 105 105 
105 105 105 105 105 105 105 105 105 105 109 105 105 105 105 105 109 109 109 105 109 109 109 109 109 109 105 105 105 109 105 105 105 105 105 105 105 105 105 105 
105 105 105 105 105 105 105 105 105 105 109 109 109 105 105 105 105 109 109 105 109 109 105 105 105 105 105 109 109 109 105 105 105 105 105 105 105 105 105 105 
105 105 105 105 105 105 105 105 105 105 105 105 109 109 109 105 105 105 109 105 109 105 105 105 109 105 105 109 109 109 105 105 105 105 105 105 105 105 105 105 
105 105 105 105 105 105 105 105 105 105 105 105 105 109 109 109 105 105 109 105 109 105 105 109 109 109 109 109 104 105 105 105 105 105 105 105 105 105 105 105 
105 105 105 105 104 105 105 105 105 105 109 105 105 105 105 105 105 105 109 105 109 109 105 105 105 105 105 105 105 105 105 105 105 105 105 105 105 105 105 105 
105 105 105 105 105 105 105 105 105 105 105 109 105 105 105 105 105 105 109 105 109 105 109 104 105 105 105 105 105 105 105 105 105 105 105 111 105 105 105 105 
105 105 105 105 105 105 105 105 105 105 105 105 105 105 105 105 105 105 105 105 105 105 105 105 105 105 105 105 105 105 105 105 105 105 105 105 105 105 105 105 
105 105 105 105 105 105 105 105 105 105 105 105 105 105 105 105 105 105 105 105 105 105 105 105 105 105 105 105 105 105 105 105 105 105 105 105 105 105 105 105 
105 105 105 105 105 105 105 105 105 105 105 105 105 105 105 105 105 105 105 105 105 105 105 105 105 105 105 105 105 105 105 105 105 105 105 105 105 105 105 105 
105 105 105 105 105 105 105 105 105 105 105 105 105 105 105 105 105 105 105 105 105 105 105 105 105 105 105 105 105 105 105 105 105 105 105 105 105 105 105 105 
